[(10000, 10)]
[(10000, 10)]
0.8127               precision    recall  f1-score   support

         0.0       0.77      0.76      0.76      1000
         1.0       0.98      0.95      0.96      1000
         2.0       0.66      0.77      0.71      1000
         3.0       0.84      0.84      0.84      1000
         4.0       0.73      0.71      0.72      1000
         5.0       0.96      0.79      0.87      1000
         6.0       0.56      0.52      0.54      1000
         7.0       0.83      0.92      0.87      1000
         8.0       0.94      0.93      0.94      1000
         9.0       0.87      0.94      0.90      1000

   micro avg       0.81      0.81      0.81     10000
   macro avg       0.82      0.81      0.81     10000
weighted avg       0.82      0.81      0.81     10000

10000 10000
1.0
[(8127, 10)]
[(8127, 10)]
              precision    recall  f1-score   support

         0.0       0.96      0.96      0.96       757
         1.0       0.99      0.99      0.99       947
         2.0       0.91      0.95      0.93       767
         3.0       0.97      0.97      0.97       844
         4.0       0.95      0.93      0.94       706
         5.0       0.99      0.94      0.96       793
         6.0       0.87      0.90      0.89       523
         7.0       0.96      0.99      0.97       923
         8.0       1.00      0.98      0.99       929
         9.0       0.99      0.99      0.99       938

   micro avg       0.96      0.96      0.96      8127
   macro avg       0.96      0.96      0.96      8127
weighted avg       0.96      0.96      0.96      8127

Total Instances = 8127; Num instances misclassified = 300; Minimal noise = 0.01; Accuracy = 0.9630860095976375
Average L2 Norm = 2.3601865773422483; Min L2 Norm = 2.0192219426199394
Robustness Ratio = 369.1399
2.0
[(7827, 10)]
[(7827, 10)]
              precision    recall  f1-score   support

         0.0       0.96      0.96      0.96       724
         1.0       1.00      0.99      1.00       935
         2.0       0.94      0.96      0.95       726
         3.0       0.99      0.98      0.98       816
         4.0       0.96      0.95      0.95       654
         5.0       0.99      0.95      0.97       743
         6.0       0.88      0.91      0.89       473
         7.0       0.96      0.99      0.98       910
         8.0       0.99      1.00      1.00       913
         9.0       0.99      0.99      0.99       933

   micro avg       0.97      0.97      0.97      7827
   macro avg       0.97      0.97      0.97      7827
weighted avg       0.97      0.97      0.97      7827

Total Instances = 7827; Num instances misclassified = 216; Minimal noise = 0.02; Accuracy = 0.9724032196243771
Average L2 Norm = 3.295597116980942; Min L2 Norm = 2.8375997232585393
Robustness Ratio = 634.9206
3.0
[(7611, 10)]
[(7611, 10)]
              precision    recall  f1-score   support

         0.0       0.97      0.96      0.96       693
         1.0       0.99      0.99      0.99       929
         2.0       0.94      0.97      0.95       698
         3.0       0.98      0.97      0.98       796
         4.0       0.97      0.95      0.96       621
         5.0       0.99      0.95      0.97       708
         6.0       0.88      0.91      0.89       429
         7.0       0.98      0.99      0.98       900
         8.0       1.00      1.00      1.00       909
         9.0       0.99      0.99      0.99       928

   micro avg       0.97      0.97      0.97      7611
   macro avg       0.97      0.97      0.97      7611
weighted avg       0.97      0.97      0.97      7611

Total Instances = 7611; Num instances misclassified = 203; Minimal noise = 0.03; Accuracy = 0.9733280777821574
Average L2 Norm = 3.9729353731997503; Min L2 Norm = 3.4089095833102108
Robustness Ratio = 884.7053
4.0
[(7408, 10)]
[(7408, 10)]
              precision    recall  f1-score   support

         0.0       0.99      0.96      0.98       663
         1.0       0.99      1.00      1.00       923
         2.0       0.93      0.97      0.95       678
         3.0       0.99      0.98      0.98       774
         4.0       0.97      0.94      0.96       591
         5.0       0.99      0.95      0.97       670
         6.0       0.88      0.95      0.92       389
         7.0       0.98      0.99      0.98       892
         8.0       1.00      1.00      1.00       905
         9.0       0.99      0.99      0.99       923

   micro avg       0.98      0.98      0.98      7408
   macro avg       0.97      0.97      0.97      7408
weighted avg       0.98      0.98      0.98      7408

Total Instances = 7408; Num instances misclassified = 177; Minimal noise = 0.04; Accuracy = 0.9761069114470843
Average L2 Norm = 4.513804462117138; Min L2 Norm = 3.893704668732186
Robustness Ratio = 1102.4978
5.0
[(7231, 10)]
[(7231, 10)]
              precision    recall  f1-score   support

         0.0       0.98      0.97      0.97       639
         1.0       0.99      1.00      1.00       920
         2.0       0.93      0.97      0.95       656
         3.0       0.99      0.97      0.98       756
         4.0       0.96      0.93      0.95       555
         5.0       1.00      0.93      0.96       635
         6.0       0.88      0.90      0.89       371
         7.0       0.97      0.99      0.98       880
         8.0       0.99      1.00      0.99       902
         9.0       0.99      1.00      0.99       917

   micro avg       0.97      0.97      0.97      7231
   macro avg       0.97      0.97      0.97      7231
weighted avg       0.97      0.97      0.97      7231

Total Instances = 7231; Num instances misclassified = 194; Minimal noise = 0.05; Accuracy = 0.9731710690084359
Average L2 Norm = 4.997318431993885; Min L2 Norm = 4.378341884994511
Robustness Ratio = 1341.2083
6.0
[(7037, 10)]
[(7037, 10)]
              precision    recall  f1-score   support

         0.0       0.98      0.95      0.97       620
         1.0       0.99      1.00      0.99       918
         2.0       0.92      0.97      0.94       636
         3.0       0.99      0.96      0.97       735
         4.0       0.96      0.91      0.94       518
         5.0       0.99      0.94      0.97       593
         6.0       0.84      0.93      0.89       334
         7.0       0.98      0.99      0.99       871
         8.0       1.00      0.99      0.99       899
         9.0       0.99      1.00      1.00       913

   micro avg       0.97      0.97      0.97      7037
   macro avg       0.96      0.97      0.96      7037
weighted avg       0.97      0.97      0.97      7037

Total Instances = 7037; Num instances misclassified = 195; Minimal noise = 0.06; Accuracy = 0.9722893278385676
Average L2 Norm = 5.423815001066594; Min L2 Norm = 4.545001813696469
Robustness Ratio = 1581.1493
Total Average L2 Norm = 3.9318894334938834; Total Min L2 Norm =  2.0192219426199394
