[(10000, 10)]
[(10000, 10)]
0.8127               precision    recall  f1-score   support

         0.0       0.77      0.76      0.76      1000
         1.0       0.98      0.95      0.96      1000
         2.0       0.66      0.77      0.71      1000
         3.0       0.84      0.84      0.84      1000
         4.0       0.73      0.71      0.72      1000
         5.0       0.96      0.79      0.87      1000
         6.0       0.56      0.52      0.54      1000
         7.0       0.83      0.92      0.87      1000
         8.0       0.94      0.93      0.94      1000
         9.0       0.87      0.94      0.90      1000

   micro avg       0.81      0.81      0.81     10000
   macro avg       0.82      0.81      0.81     10000
weighted avg       0.82      0.81      0.81     10000

10000 10000
1.0
[(8127, 10)]
[(8127, 10)]
              precision    recall  f1-score   support

         0.0       1.00      1.00      1.00       757
         1.0       1.00      1.00      1.00       947
         2.0       1.00      1.00      1.00       767
         3.0       1.00      1.00      1.00       844
         4.0       1.00      1.00      1.00       706
         5.0       1.00      1.00      1.00       793
         6.0       1.00      1.00      1.00       523
         7.0       1.00      1.00      1.00       923
         8.0       1.00      1.00      1.00       929
         9.0       1.00      1.00      1.00       938

   micro avg       1.00      1.00      1.00      8127
   macro avg       1.00      1.00      1.00      8127
weighted avg       1.00      1.00      1.00      8127

Total Instances = 8127; Num instances misclassified = 4; Minimal noise = 0.01; Accuracy = 0.9995078134613018
Average L2 Norm = 0.01928424491560088; Min L2 Norm = 0.016757232906596056
Robustness Ratio = 4.9219
2.0
[(8123, 10)]
[(8123, 10)]
              precision    recall  f1-score   support

         0.0       0.97      0.97      0.97       757
         1.0       1.00      0.99      0.99       947
         2.0       0.95      0.94      0.94       765
         3.0       0.98      0.98      0.98       844
         4.0       0.93      0.96      0.95       705
         5.0       1.00      0.96      0.98       793
         6.0       0.91      0.93      0.92       522
         7.0       0.96      0.99      0.98       923
         8.0       1.00      0.99      1.00       929
         9.0       0.99      0.99      0.99       938

   micro avg       0.97      0.97      0.97      8123
   macro avg       0.97      0.97      0.97      8123
weighted avg       0.97      0.97      0.97      8123

Total Instances = 8123; Num instances misclassified = 223; Minimal noise = 0.02; Accuracy = 0.9725470885140958
Average L2 Norm = 1.5502118846601656; Min L2 Norm = 0.5299695634870751
Robustness Ratio = 279.3159
3.0
[(7900, 10)]
[(7900, 10)]
              precision    recall  f1-score   support

         0.0       0.96      0.98      0.97       732
         1.0       1.00      0.98      0.99       936
         2.0       0.95      0.90      0.93       717
         3.0       0.97      0.98      0.97       824
         4.0       0.89      0.96      0.92       679
         5.0       1.00      0.95      0.97       762
         6.0       0.88      0.87      0.87       483
         7.0       0.96      1.00      0.98       918
         8.0       1.00      1.00      1.00       923
         9.0       1.00      0.99      0.99       926

   micro avg       0.97      0.97      0.97      7900
   macro avg       0.96      0.96      0.96      7900
weighted avg       0.97      0.97      0.97      7900

Total Instances = 7900; Num instances misclassified = 271; Minimal noise = 0.03; Accuracy = 0.9656962025316456
Average L2 Norm = 2.7367812270974343; Min L2 Norm = 1.3157833368634018
Robustness Ratio = 612.7722
4.0
[(7629, 10)]
[(7629, 10)]
              precision    recall  f1-score   support

         0.0       0.96      0.97      0.97       715
         1.0       1.00      0.97      0.98       921
         2.0       0.93      0.90      0.91       647
         3.0       0.96      0.98      0.97       804
         4.0       0.89      0.96      0.92       650
         5.0       0.99      0.91      0.95       722
         6.0       0.89      0.84      0.87       419
         7.0       0.93      1.00      0.96       917
         8.0       1.00      0.99      1.00       919
         9.0       0.99      0.98      0.99       915

   micro avg       0.96      0.96      0.96      7629
   macro avg       0.95      0.95      0.95      7629
weighted avg       0.96      0.96      0.96      7629

Total Instances = 7629; Num instances misclassified = 316; Minimal noise = 0.04; Accuracy = 0.9585791060427317
Average L2 Norm = 3.340745625047601; Min L2 Norm = 1.4234323590622189
Robustness Ratio = 1001.5996
5.0
[(7313, 10)]
[(7313, 10)]
              precision    recall  f1-score   support

         0.0       0.96      0.98      0.97       695
         1.0       1.00      0.92      0.96       890
         2.0       0.93      0.93      0.93       585
         3.0       0.92      0.96      0.94       786
         4.0       0.92      0.96      0.94       623
         5.0       0.99      0.87      0.93       658
         6.0       0.86      0.85      0.86       353
         7.0       0.89      1.00      0.94       917
         8.0       0.99      1.00      1.00       913
         9.0       1.00      0.97      0.98       893

   micro avg       0.95      0.95      0.95      7313
   macro avg       0.95      0.94      0.94      7313
weighted avg       0.95      0.95      0.95      7313

Total Instances = 7313; Num instances misclassified = 350; Minimal noise = 0.05; Accuracy = 0.9521400246137016
Average L2 Norm = 3.7834825392539293; Min L2 Norm = 1.7988044946620403
Robustness Ratio = 1432.2628
6.0
[(6963, 10)]
[(6963, 10)]
              precision    recall  f1-score   support

         0.0       0.96      0.97      0.97       680
         1.0       1.00      0.84      0.92       821
         2.0       0.88      0.94      0.91       542
         3.0       0.87      0.97      0.92       756
         4.0       0.94      0.91      0.92       598
         5.0       1.00      0.82      0.90       571
         6.0       0.83      0.88      0.85       301
         7.0       0.86      1.00      0.92       917
         8.0       1.00      1.00      1.00       912
         9.0       1.00      0.93      0.96       865

   micro avg       0.93      0.93      0.93      6963
   macro avg       0.93      0.93      0.93      6963
weighted avg       0.94      0.93      0.93      6963

Total Instances = 6963; Num instances misclassified = 455; Minimal noise = 0.06; Accuracy = 0.9346546029010484
Average L2 Norm = 4.102287035325899; Min L2 Norm = 2.11994108981402
Robustness Ratio = 1992.125
Total Average L2 Norm = 3.294550467652554; Total Min L2 Norm =  0.016757232906596056
