[(10000, 10)]
[(10000, 10)]
0.8127               precision    recall  f1-score   support

         0.0       0.77      0.76      0.76      1000
         1.0       0.98      0.95      0.96      1000
         2.0       0.66      0.77      0.71      1000
         3.0       0.84      0.84      0.84      1000
         4.0       0.73      0.71      0.72      1000
         5.0       0.96      0.79      0.87      1000
         6.0       0.56      0.52      0.54      1000
         7.0       0.83      0.92      0.87      1000
         8.0       0.94      0.93      0.94      1000
         9.0       0.87      0.94      0.90      1000

   micro avg       0.81      0.81      0.81     10000
   macro avg       0.82      0.81      0.81     10000
weighted avg       0.82      0.81      0.81     10000

10000 10000
10.0
[(8127, 10)]
[(8127, 10)]
              precision    recall  f1-score   support

         0.0       0.97      0.97      0.97       757
         1.0       1.00      1.00      1.00       947
         2.0       0.94      0.96      0.95       767
         3.0       0.99      0.98      0.99       844
         4.0       0.98      0.95      0.96       706
         5.0       0.99      0.98      0.99       793
         6.0       0.91      0.94      0.93       523
         7.0       0.99      0.99      0.99       923
         8.0       1.00      1.00      1.00       929
         9.0       0.99      0.99      0.99       938

   micro avg       0.98      0.98      0.98      8127
   macro avg       0.98      0.98      0.98      8127
weighted avg       0.98      0.98      0.98      8127

Total Instances = 8127; Num instances misclassified = 168; Minimal noise = 0.1; Accuracy = 0.979328165374677
Average L2 Norm = 1.7589744803610732; Min L2 Norm = 0.0
Robustness Ratio = 206.7183
20.0
[(7959, 10)]
[(7959, 10)]
              precision    recall  f1-score   support

         0.0       0.98      0.97      0.97       736
         1.0       1.00      1.00      1.00       943
         2.0       0.95      0.98      0.96       738
         3.0       0.98      0.99      0.99       829
         4.0       0.98      0.95      0.96       669
         5.0       1.00      0.98      0.99       779
         6.0       0.93      0.93      0.93       494
         7.0       0.98      0.99      0.99       913
         8.0       1.00      0.99      0.99       926
         9.0       0.99      0.99      0.99       932

   micro avg       0.98      0.98      0.98      7959
   macro avg       0.98      0.98      0.98      7959
weighted avg       0.98      0.98      0.98      7959

Total Instances = 7959; Num instances misclassified = 152; Minimal noise = 0.2; Accuracy = 0.9809021233823345
Average L2 Norm = 2.6050088458753624; Min L2 Norm = 1.4011858760747429
Robustness Ratio = 393.7492
30.0
[(7807, 10)]
[(7807, 10)]
              precision    recall  f1-score   support

         0.0       0.98      0.97      0.98       714
         1.0       1.00      0.99      1.00       940
         2.0       0.96      0.97      0.96       723
         3.0       0.99      0.98      0.98       820
         4.0       0.96      0.96      0.96       637
         5.0       1.00      0.98      0.99       762
         6.0       0.92      0.95      0.93       461
         7.0       0.98      1.00      0.99       908
         8.0       1.00      0.99      1.00       916
         9.0       0.99      0.99      0.99       926

   micro avg       0.98      0.98      0.98      7807
   macro avg       0.98      0.98      0.98      7807
weighted avg       0.98      0.98      0.98      7807

Total Instances = 7807; Num instances misclassified = 149; Minimal noise = 0.3; Accuracy = 0.9809145638529525
Average L2 Norm = 3.155815565384189; Min L2 Norm = 2.039728434652312
Robustness Ratio = 577.0887
40.0
[(7658, 10)]
[(7658, 10)]
              precision    recall  f1-score   support

         0.0       0.98      0.97      0.98       690
         1.0       1.00      1.00      1.00       934
         2.0       0.96      0.98      0.97       701
         3.0       0.99      0.98      0.99       806
         4.0       0.97      0.96      0.96       612
         5.0       0.99      0.99      0.99       743
         6.0       0.93      0.93      0.93       437
         7.0       0.98      0.99      0.99       905
         8.0       1.00      1.00      1.00       910
         9.0       1.00      0.99      0.99       920

   micro avg       0.98      0.98      0.98      7658
   macro avg       0.98      0.98      0.98      7658
weighted avg       0.98      0.98      0.98      7658

Total Instances = 7658; Num instances misclassified = 126; Minimal noise = 0.4; Accuracy = 0.9835466179159049
Average L2 Norm = 3.7339737104562363; Min L2 Norm = 2.549339343021579
Robustness Ratio = 732.1275
50.0
[(7532, 10)]
[(7532, 10)]
              precision    recall  f1-score   support

         0.0       0.97      0.97      0.97       671
         1.0       1.00      0.99      1.00       932
         2.0       0.95      0.96      0.95       689
         3.0       0.99      0.99      0.99       793
         4.0       0.96      0.95      0.96       588
         5.0       1.00      0.98      0.99       733
         6.0       0.92      0.93      0.92       408
         7.0       0.99      0.99      0.99       898
         8.0       1.00      0.99      1.00       907
         9.0       0.99      1.00      1.00       913

   micro avg       0.98      0.98      0.98      7532
   macro avg       0.98      0.98      0.98      7532
weighted avg       0.98      0.98      0.98      7532

Total Instances = 7532; Num instances misclassified = 146; Minimal noise = 0.5; Accuracy = 0.9806160382368561
Average L2 Norm = 4.102942623841391; Min L2 Norm = 2.860880408698193
Robustness Ratio = 911.7756
60.0
[(7386, 10)]
[(7386, 10)]
              precision    recall  f1-score   support

         0.0       0.99      0.97      0.98       654
         1.0       1.00      0.99      0.99       927
         2.0       0.95      0.98      0.96       662
         3.0       0.99      0.98      0.98       782
         4.0       0.97      0.95      0.96       559
         5.0       0.99      0.98      0.99       717
         6.0       0.92      0.97      0.94       380
         7.0       0.99      0.99      0.99       893
         8.0       1.00      1.00      1.00       901
         9.0       0.99      1.00      1.00       911

   micro avg       0.98      0.98      0.98      7386
   macro avg       0.98      0.98      0.98      7386
weighted avg       0.98      0.98      0.98      7386

Total Instances = 7386; Num instances misclassified = 126; Minimal noise = 0.6; Accuracy = 0.9829406986190089
Average L2 Norm = 4.507872170738283; Min L2 Norm = 3.51825688290031
Robustness Ratio = 1066.8143
Total Average L2 Norm = 3.2285902890741776; Total Min L2 Norm =  0.0
