[(10000, 10)]
[(10000, 10)]
0.8164               precision    recall  f1-score   support

         0.0       0.72      0.84      0.78      1000
         1.0       0.99      0.94      0.97      1000
         2.0       0.73      0.66      0.69      1000
         3.0       0.88      0.82      0.85      1000
         4.0       0.66      0.79      0.72      1000
         5.0       0.98      0.78      0.87      1000
         6.0       0.59      0.51      0.55      1000
         7.0       0.82      0.94      0.88      1000
         8.0       0.95      0.93      0.94      1000
         9.0       0.89      0.94      0.91      1000

   micro avg       0.82      0.82      0.82     10000
   macro avg       0.82      0.82      0.82     10000
weighted avg       0.82      0.82      0.82     10000

10000 10000
10.0
[(8164, 10)]
[(8164, 10)]
              precision    recall  f1-score   support

         0.0       0.93      0.96      0.95       843
         1.0       1.00      0.99      1.00       941
         2.0       0.96      0.92      0.94       656
         3.0       0.98      0.96      0.97       820
         4.0       0.91      0.98      0.95       791
         5.0       0.99      0.96      0.97       784
         6.0       0.88      0.83      0.86       511
         7.0       0.96      0.99      0.98       944
         8.0       1.00      0.98      0.99       931
         9.0       0.98      0.99      0.98       943

   micro avg       0.96      0.96      0.96      8164
   macro avg       0.96      0.96      0.96      8164
weighted avg       0.96      0.96      0.96      8164

Total Instances = 8164; Num instances misclassified = 294; Minimal noise = 0.1; Accuracy = 0.9639882410583047
Average L2 Norm = 1.713265752827377; Min L2 Norm = 0.003921568859368563
Robustness Ratio = 360.1176
20.0
[(7870, 10)]
[(7870, 10)]
              precision    recall  f1-score   support

         0.0       0.97      0.99      0.98       812
         1.0       1.00      1.00      1.00       934
         2.0       0.99      0.97      0.98       604
         3.0       0.99      0.98      0.99       790
         4.0       0.97      0.99      0.98       775
         5.0       1.00      0.98      0.99       749
         6.0       0.96      0.94      0.95       426
         7.0       0.98      0.99      0.99       934
         8.0       1.00      1.00      1.00       917
         9.0       0.99      1.00      0.99       929

   micro avg       0.99      0.99      0.99      7870
   macro avg       0.98      0.98      0.98      7870
weighted avg       0.99      0.99      0.99      7870

Total Instances = 7870; Num instances misclassified = 109; Minimal noise = 0.2; Accuracy = 0.9861499364675985
Average L2 Norm = 2.5222926272161437; Min L2 Norm = 1.5365094314011032
Robustness Ratio = 493.6306
30.0
[(7761, 10)]
[(7761, 10)]
              precision    recall  f1-score   support

         0.0       0.99      0.99      0.99       804
         1.0       1.00      1.00      1.00       932
         2.0       0.98      0.98      0.98       583
         3.0       0.99      0.99      0.99       778
         4.0       0.98      0.99      0.99       765
         5.0       1.00      0.99      1.00       733
         6.0       0.96      0.97      0.97       402
         7.0       0.99      1.00      1.00       926
         8.0       1.00      0.99      1.00       913
         9.0       1.00      0.99      1.00       925

   micro avg       0.99      0.99      0.99      7761
   macro avg       0.99      0.99      0.99      7761
weighted avg       0.99      0.99      0.99      7761

Total Instances = 7761; Num instances misclassified = 67; Minimal noise = 0.3; Accuracy = 0.9913670918696045
Average L2 Norm = 3.056157498651309; Min L2 Norm = 1.8992825213940814
Robustness Ratio = 575.6982
40.0
[(7694, 10)]
[(7694, 10)]
              precision    recall  f1-score   support

         0.0       0.98      0.98      0.98       794
         1.0       1.00      1.00      1.00       929
         2.0       0.98      0.98      0.98       571
         3.0       0.99      0.99      0.99       774
         4.0       0.98      0.98      0.98       756
         5.0       1.00      0.98      0.99       728
         6.0       0.95      0.96      0.95       390
         7.0       0.99      0.99      0.99       926
         8.0       1.00      0.99      1.00       906
         9.0       0.99      1.00      0.99       920

   micro avg       0.99      0.99      0.99      7694
   macro avg       0.99      0.99      0.99      7694
weighted avg       0.99      0.99      0.99      7694

Total Instances = 7694; Num instances misclassified = 92; Minimal noise = 0.4; Accuracy = 0.9880426306212633
Average L2 Norm = 3.62950536284444; Min L2 Norm = 2.2077908940669992
Robustness Ratio = 688.388
50.0
[(7602, 10)]
[(7602, 10)]
              precision    recall  f1-score   support

         0.0       0.98      0.99      0.99       782
         1.0       1.00      1.00      1.00       927
         2.0       0.98      0.97      0.98       560
         3.0       1.00      0.99      0.99       765
         4.0       0.99      0.99      0.99       744
         5.0       1.00      0.98      0.99       710
         6.0       0.96      0.98      0.97       374
         7.0       0.99      1.00      0.99       920
         8.0       1.00      0.99      1.00       901
         9.0       0.99      1.00      1.00       919

   micro avg       0.99      0.99      0.99      7602
   macro avg       0.99      0.99      0.99      7602
weighted avg       0.99      0.99      0.99      7602

Total Instances = 7602; Num instances misclassified = 67; Minimal noise = 0.5; Accuracy = 0.991186529860563
Average L2 Norm = 3.913506701560376; Min L2 Norm = 2.8521695670226954
Robustness Ratio = 770.4557
60.0
[(7535, 10)]
[(7535, 10)]
              precision    recall  f1-score   support

         0.0       0.98      0.99      0.99       773
         1.0       1.00      1.00      1.00       925
         2.0       0.99      0.98      0.98       546
         3.0       1.00      0.98      0.99       757
         4.0       0.98      0.99      0.99       738
         5.0       1.00      0.99      0.99       699
         6.0       0.98      0.97      0.98       367
         7.0       0.99      1.00      0.99       917
         8.0       1.00      1.00      1.00       895
         9.0       0.99      1.00      1.00       918

   micro avg       0.99      0.99      0.99      7535
   macro avg       0.99      0.99      0.99      7535
weighted avg       0.99      0.99      0.99      7535

Total Instances = 7535; Num instances misclassified = 59; Minimal noise = 0.6; Accuracy = 0.9921698739216988
Average L2 Norm = 4.442921202784363; Min L2 Norm = 3.2714556807109862
Robustness Ratio = 842.7242
Total Average L2 Norm = 2.676808682351682; Total Min L2 Norm =  0.003921568859368563
