[]
[(10000, 10)]
[(10000, 10)]
[(10000, 10)]
[(10000, 10)]
0.9958 0.8164
10000 10000
[(10000, 10)]
[(10000, 10)]
0.8164               precision    recall  f1-score   support

         0.0       0.72      0.84      0.78      1000
         1.0       0.99      0.94      0.97      1000
         2.0       0.73      0.66      0.69      1000
         3.0       0.88      0.82      0.85      1000
         4.0       0.66      0.79      0.72      1000
         5.0       0.98      0.78      0.87      1000
         6.0       0.59      0.51      0.55      1000
         7.0       0.82      0.94      0.88      1000
         8.0       0.95      0.93      0.94      1000
         9.0       0.89      0.94      0.91      1000

   micro avg       0.82      0.82      0.82     10000
   macro avg       0.82      0.82      0.82     10000
weighted avg       0.82      0.82      0.82     10000

10000 10000
1.0
[(8164, 10)]
[(8164, 10)]
              precision    recall  f1-score   support

         0.0       0.95      0.98      0.96       843
         1.0       1.00      0.99      1.00       941
         2.0       0.95      0.97      0.96       656
         3.0       0.99      0.97      0.98       820
         4.0       0.96      0.96      0.96       791
         5.0       1.00      0.95      0.97       784
         6.0       0.92      0.90      0.91       511
         7.0       0.96      0.99      0.98       944
         8.0       0.99      0.99      0.99       931
         9.0       0.98      0.99      0.99       943

   micro avg       0.97      0.97      0.97      8164
   macro avg       0.97      0.97      0.97      8164
weighted avg       0.97      0.97      0.97      8164

Total Instances = 8164; Num instances misclassified = 217; Minimal noise = 0.01; Accuracy = 0.9734198922097012
Average L2 Norm = 2.347382640368687; Min L2 Norm = 1.9765114503113335
Robustness Ratio = 265.8011
2.0
[(7947, 10)]
[(7947, 10)]
              precision    recall  f1-score   support

         0.0       0.97      0.98      0.98       824
         1.0       1.00      1.00      1.00       933
         2.0       0.97      0.97      0.97       634
         3.0       0.98      0.98      0.98       797
         4.0       0.98      0.97      0.97       762
         5.0       1.00      0.96      0.98       741
         6.0       0.93      0.94      0.93       462
         7.0       0.97      0.99      0.98       936
         8.0       1.00      0.99      0.99       920
         9.0       0.99      0.99      0.99       938

   micro avg       0.98      0.98      0.98      7947
   macro avg       0.98      0.98      0.98      7947
weighted avg       0.98      0.98      0.98      7947

Total Instances = 7947; Num instances misclassified = 151; Minimal noise = 0.02; Accuracy = 0.9809991191644646
Average L2 Norm = 3.3057625956219696; Min L2 Norm = 2.8416400137308075
Robustness Ratio = 450.7594
3.0
[(7796, 10)]
[(7796, 10)]
              precision    recall  f1-score   support

         0.0       0.98      0.99      0.98       809
         1.0       1.00      1.00      1.00       931
         2.0       0.96      0.97      0.97       617
         3.0       1.00      0.98      0.99       781
         4.0       0.98      0.97      0.97       737
         5.0       1.00      0.95      0.97       710
         6.0       0.93      0.93      0.93       434
         7.0       0.97      0.99      0.98       931
         8.0       0.99      1.00      1.00       913
         9.0       0.99      0.99      0.99       933

   micro avg       0.98      0.98      0.98      7796
   macro avg       0.98      0.98      0.98      7796
weighted avg       0.98      0.98      0.98      7796

Total Instances = 7796; Num instances misclassified = 139; Minimal noise = 0.03; Accuracy = 0.9821703437660338
Average L2 Norm = 3.980635627012578; Min L2 Norm = 3.442879075676323
Robustness Ratio = 621.0191
4.0
[(7657, 10)]
[(7657, 10)]
              precision    recall  f1-score   support

         0.0       0.97      0.98      0.98       803
         1.0       1.00      1.00      1.00       931
         2.0       0.96      0.97      0.97       600
         3.0       0.99      0.98      0.99       768
         4.0       0.98      0.98      0.98       714
         5.0       1.00      0.96      0.98       675
         6.0       0.93      0.95      0.94       405
         7.0       0.98      0.99      0.99       924
         8.0       1.00      0.99      1.00       910
         9.0       0.99      1.00      0.99       927

   micro avg       0.98      0.98      0.98      7657
   macro avg       0.98      0.98      0.98      7657
weighted avg       0.98      0.98      0.98      7657

Total Instances = 7657; Num instances misclassified = 128; Minimal noise = 0.04; Accuracy = 0.9832832702102651
Average L2 Norm = 4.509759510250683; Min L2 Norm = 3.9426587354199767
Robustness Ratio = 777.805
5.0
[(7529, 10)]
[(7529, 10)]
              precision    recall  f1-score   support

         0.0       0.96      0.98      0.97       788
         1.0       1.00      0.99      1.00       928
         2.0       0.96      0.97      0.96       582
         3.0       0.98      0.98      0.98       755
         4.0       0.97      0.95      0.96       698
         5.0       1.00      0.95      0.97       645
         6.0       0.91      0.94      0.92       386
         7.0       0.97      0.99      0.98       919
         8.0       1.00      1.00      1.00       904
         9.0       0.99      0.99      0.99       924

   micro avg       0.98      0.98      0.98      7529
   macro avg       0.97      0.98      0.97      7529
weighted avg       0.98      0.98      0.98      7529

Total Instances = 7529; Num instances misclassified = 158; Minimal noise = 0.05; Accuracy = 0.9790144773542303
Average L2 Norm = 5.0054612122095214; Min L2 Norm = 4.259625336481056
Robustness Ratio = 971.3376
6.0
[(7371, 10)]
[(7371, 10)]
              precision    recall  f1-score   support

         0.0       0.98      0.99      0.98       775
         1.0       1.00      1.00      1.00       920
         2.0       0.96      0.98      0.97       562
         3.0       1.00      0.99      0.99       738
         4.0       0.99      0.97      0.98       666
         5.0       1.00      0.96      0.98       614
         6.0       0.94      0.96      0.95       364
         7.0       0.98      0.99      0.98       913
         8.0       0.99      1.00      1.00       901
         9.0       1.00      0.99      1.00       918

   micro avg       0.99      0.99      0.99      7371
   macro avg       0.98      0.98      0.98      7371
weighted avg       0.99      0.99      0.99      7371

Total Instances = 7371; Num instances misclassified = 108; Minimal noise = 0.06; Accuracy = 0.9853479853479854
Average L2 Norm = 5.4061777947011835; Min L2 Norm = 4.822927183826487
Robustness Ratio = 1103.6257
Total Average L2 Norm = 3.8999332161183027; Total Min L2 Norm =  1.9765114503113335
