[(10000, 10)]
[(10000, 10)]
0.8164               precision    recall  f1-score   support

         0.0       0.72      0.84      0.78      1000
         1.0       0.99      0.94      0.97      1000
         2.0       0.73      0.66      0.69      1000
         3.0       0.88      0.82      0.85      1000
         4.0       0.66      0.79      0.72      1000
         5.0       0.98      0.78      0.87      1000
         6.0       0.59      0.51      0.55      1000
         7.0       0.82      0.94      0.88      1000
         8.0       0.95      0.93      0.94      1000
         9.0       0.89      0.94      0.91      1000

   micro avg       0.82      0.82      0.82     10000
   macro avg       0.82      0.82      0.82     10000
weighted avg       0.82      0.82      0.82     10000

10000 10000
1.0
[(8164, 10)]
[(8164, 10)]
              precision    recall  f1-score   support

         0.0       0.95      0.97      0.96       843
         1.0       1.00      0.99      1.00       941
         2.0       0.96      0.91      0.94       656
         3.0       0.98      0.97      0.98       820
         4.0       0.92      0.98      0.95       791
         5.0       0.99      0.96      0.98       784
         6.0       0.89      0.86      0.87       511
         7.0       0.96      0.99      0.98       944
         8.0       1.00      0.99      0.99       931
         9.0       0.99      0.99      0.99       943

   micro avg       0.97      0.97      0.97      8164
   macro avg       0.96      0.96      0.96      8164
weighted avg       0.97      0.97      0.97      8164

Total Instances = 8164; Num instances misclassified = 258; Minimal noise = 0.01; Accuracy = 0.9683978441940225
Average L2 Norm = 0.018832798178222827; Min L2 Norm = 0.008744243547790844
Robustness Ratio = 316.0216
2.0
[(7906, 10)]
[(7906, 10)]
              precision    recall  f1-score   support

         0.0       0.95      0.99      0.97       817
         1.0       1.00      0.99      0.99       936
         2.0       0.98      0.91      0.94       600
         3.0       0.99      0.98      0.99       797
         4.0       0.92      0.99      0.95       777
         5.0       1.00      0.96      0.98       752
         6.0       0.95      0.90      0.92       439
         7.0       0.97      1.00      0.98       938
         8.0       1.00      0.99      1.00       920
         9.0       0.99      0.99      0.99       930

   micro avg       0.98      0.98      0.98      7906
   macro avg       0.97      0.97      0.97      7906
weighted avg       0.98      0.98      0.98      7906

Total Instances = 7906; Num instances misclassified = 189; Minimal noise = 0.02; Accuracy = 0.976094105742474
Average L2 Norm = 1.580625256692423; Min L2 Norm = 0.8669844965029624
Robustness Ratio = 547.5257
3.0
[(7717, 10)]
[(7717, 10)]
              precision    recall  f1-score   support

         0.0       0.96      0.98      0.97       808
         1.0       1.00      0.98      0.99       925
         2.0       0.98      0.88      0.93       546
         3.0       0.98      0.96      0.97       782
         4.0       0.89      0.99      0.93       766
         5.0       1.00      0.94      0.97       721
         6.0       0.91      0.88      0.89       395
         7.0       0.95      1.00      0.97       936
         8.0       1.00      1.00      1.00       914
         9.0       0.99      0.99      0.99       924

   micro avg       0.97      0.97      0.97      7717
   macro avg       0.97      0.96      0.96      7717
weighted avg       0.97      0.97      0.97      7717

Total Instances = 7717; Num instances misclassified = 248; Minimal noise = 0.03; Accuracy = 0.9678631592587793
Average L2 Norm = 2.777314258840581; Min L2 Norm = 1.1227830663075589
Robustness Ratio = 851.2984
4.0
[(7469, 10)]
[(7469, 10)]
              precision    recall  f1-score   support

         0.0       0.95      0.98      0.97       793
         1.0       1.00      0.95      0.97       905
         2.0       0.98      0.90      0.94       481
         3.0       0.95      0.96      0.96       753
         4.0       0.91      1.00      0.95       755
         5.0       1.00      0.92      0.95       676
         6.0       0.88      0.85      0.87       347
         7.0       0.93      1.00      0.97       934
         8.0       1.00      1.00      1.00       911
         9.0       1.00      0.98      0.99       914

   micro avg       0.96      0.96      0.96      7469
   macro avg       0.96      0.95      0.96      7469
weighted avg       0.96      0.96      0.96      7469

Total Instances = 7469; Num instances misclassified = 272; Minimal noise = 0.04; Accuracy = 0.9635828089436337
Average L2 Norm = 3.347960797547823; Min L2 Norm = 1.6101713319757565
Robustness Ratio = 1184.4684
5.0
[(7197, 10)]
[(7197, 10)]
              precision    recall  f1-score   support

         0.0       0.91      0.99      0.95       778
         1.0       1.00      0.87      0.93       860
         2.0       0.95      0.93      0.94       432
         3.0       0.89      0.95      0.92       723
         4.0       0.91      0.97      0.94       752
         5.0       0.99      0.88      0.93       619
         6.0       0.94      0.80      0.86       295
         7.0       0.91      1.00      0.95       934
         8.0       1.00      0.99      1.00       908
         9.0       1.00      0.97      0.98       896

   micro avg       0.95      0.95      0.95      7197
   macro avg       0.95      0.94      0.94      7197
weighted avg       0.95      0.95      0.95      7197

Total Instances = 7197; Num instances misclassified = 371; Minimal noise = 0.05; Accuracy = 0.9484507433652911
Average L2 Norm = 3.7926724653732076; Min L2 Norm = 2.0751254023244265
Robustness Ratio = 1638.9025
6.0
[(6826, 10)]
[(6826, 10)]
              precision    recall  f1-score   support

         0.0       0.88      1.00      0.94       774
         1.0       1.00      0.73      0.84       747
         2.0       0.95      0.97      0.96       402
         3.0       0.82      0.95      0.88       689
         4.0       0.97      0.96      0.96       730
         5.0       1.00      0.83      0.91       546
         6.0       0.93      0.90      0.91       236
         7.0       0.87      1.00      0.93       934
         8.0       0.99      0.99      0.99       902
         9.0       1.00      0.94      0.97       866

   micro avg       0.93      0.93      0.93      6826
   macro avg       0.94      0.93      0.93      6826
weighted avg       0.94      0.93      0.93      6826

Total Instances = 6826; Num instances misclassified = 453; Minimal noise = 0.06; Accuracy = 0.9336360972751245
Average L2 Norm = 4.178951601636634; Min L2 Norm = 1.5701686061051265
Robustness Ratio = 2193.7776
Total Average L2 Norm = 2.9051718976913325; Total Min L2 Norm =  0.008744243547790844
