0.7086              precision    recall  f1-score   support

         0.0       0.75      0.75      0.75      1000
         1.0       0.76      0.81      0.78      1000
         2.0       0.66      0.65      0.66      1000
         3.0       0.50      0.53      0.51      1000
         4.0       0.69      0.66      0.67      1000
         5.0       0.64      0.58      0.61      1000
         6.0       0.73      0.78      0.75      1000
         7.0       0.76      0.71      0.74      1000
         8.0       0.81      0.82      0.82      1000
         9.0       0.79      0.79      0.79      1000

   micro avg       0.71      0.71      0.71     10000
   macro avg       0.71      0.71      0.71     10000
weighted avg       0.71      0.71      0.71     10000
maxpredicted=0.000000maxpredicted min=-1.035675
0.872424499012              precision    recall  f1-score   support

         0.0       0.91      0.90      0.90       749
         1.0       0.92      0.92      0.92       807
         2.0       0.86      0.81      0.83       650
         3.0       0.72      0.75      0.73       531
         4.0       0.82      0.86      0.84       658
         5.0       0.87      0.72      0.79       580
         6.0       0.83      0.96      0.89       779
         7.0       0.90      0.88      0.89       715
         8.0       0.95      0.89      0.92       824
         9.0       0.91      0.94      0.93       793

   micro avg       0.87      0.87      0.87      7086
   macro avg       0.87      0.86      0.86      7086
weighted avg       0.87      0.87      0.87      7086
maxpredicted=0.000000maxpredicted min=-1.163600
Total Instances = 7086; Num instances misclassified = 904; Minimal noise = 0.1; Accuracy = 0.872424499012; classes= 0(749,78),1(807,62),2(650,126),3(531,133),4(658,90),5(580,160),6(779,33),7(715,83),8(824,93),9(793,46);0.84309285021              precision    recall  f1-score   support

         0.0       0.89      0.88      0.89       671
         1.0       0.88      0.88      0.88       745
         2.0       0.82      0.77      0.80       524
         3.0       0.69      0.69      0.69       398
         4.0       0.78      0.82      0.80       568
         5.0       0.85      0.69      0.76       420
         6.0       0.76      0.96      0.85       746
         7.0       0.91      0.83      0.87       632
         8.0       0.96      0.83      0.89       731
         9.0       0.86      0.93      0.89       747

   micro avg       0.84      0.84      0.84      6182
   macro avg       0.84      0.83      0.83      6182
weighted avg       0.85      0.84      0.84      6182
maxpredicted=0.000000maxpredicted min=-1.088407
Total Instances = 6182; Num instances misclassified = 970; Minimal noise = 0.2; Accuracy = 0.84309285021; classes= 0(671,78),1(745,89),2(524,119),3(398,124),4(568,105),5(420,132),6(746,32),7(632,110),8(731,126),9(747,55);0.822716807368              precision    recall  f1-score   support

         0.0       0.84      0.84      0.84       593
         1.0       0.89      0.86      0.88       656
         2.0       0.75      0.72      0.73       405
         3.0       0.65      0.65      0.65       274
         4.0       0.73      0.79      0.76       463
         5.0       0.92      0.68      0.78       288
         6.0       0.74      0.96      0.84       714
         7.0       0.91      0.81      0.86       522
         8.0       0.96      0.76      0.85       605
         9.0       0.85      0.91      0.88       692

   micro avg       0.82      0.82      0.82      5212
   macro avg       0.82      0.80      0.81      5212
weighted avg       0.83      0.82      0.82      5212
maxpredicted=0.000000maxpredicted min=-1.066813
Total Instances = 5212; Num instances misclassified = 924; Minimal noise = 0.3; Accuracy = 0.822716807368; classes= 0(593,97),1(656,91),2(405,114),3(274,97),4(463,97),5(288,93),6(714,32),7(522,100),8(605,144),9(692,59);0.816464552239              precision    recall  f1-score   support

         0.0       0.87      0.76      0.81       496
         1.0       0.87      0.86      0.86       565
         2.0       0.76      0.71      0.73       291
         3.0       0.59      0.58      0.58       177
         4.0       0.71      0.79      0.75       366
         5.0       0.89      0.61      0.73       195
         6.0       0.73      0.97      0.83       682
         7.0       0.92      0.76      0.83       422
         8.0       0.94      0.78      0.85       461
         9.0       0.85      0.92      0.88       633

   micro avg       0.82      0.82      0.82      4288
   macro avg       0.81      0.77      0.79      4288
weighted avg       0.83      0.82      0.82      4288
maxpredicted=0.000000maxpredicted min=-1.022845
Total Instances = 4288; Num instances misclassified = 787; Minimal noise = 0.4; Accuracy = 0.816464552239; classes= 0(496,119),1(565,80),2(291,84),3(177,75),4(366,78),5(195,76),6(682,21),7(422,100),8(461,102),9(633,52);0.817766352471              precision    recall  f1-score   support

         0.0       0.87      0.78      0.82       377
         1.0       0.90      0.80      0.85       485
         2.0       0.73      0.73      0.73       207
         3.0       0.57      0.68      0.62       102
         4.0       0.71      0.76      0.74       288
         5.0       0.89      0.48      0.62       119
         6.0       0.75      0.98      0.85       661
         7.0       0.95      0.77      0.85       322
         8.0       0.94      0.73      0.82       359
         9.0       0.84      0.90      0.87       581

   micro avg       0.82      0.82      0.82      3501
   macro avg       0.82      0.76      0.78      3501
weighted avg       0.83      0.82      0.82      3501
maxpredicted=0.000000maxpredicted min=-1.060360
Total Instances = 3501; Num instances misclassified = 638; Minimal noise = 0.5; Accuracy = 0.817766352471; classes= 0(377,82),1(485,97),2(207,55),3(102,33),4(288,68),5(119,62),6(661,13),7(322,73),8(359,97),9(581,58);0.804750261963              precision    recall  f1-score   support

         0.0       0.92      0.76      0.83       295
         1.0       0.85      0.77      0.81       388
         2.0       0.65      0.74      0.69       152
         3.0       0.65      0.57      0.60        69
         4.0       0.67      0.68      0.68       220
         5.0       0.94      0.53      0.67        57
         6.0       0.74      0.97      0.84       648
         7.0       0.91      0.71      0.80       249
         8.0       0.91      0.74      0.82       262
         9.0       0.86      0.87      0.87       523

   micro avg       0.80      0.80      0.80      2863
   macro avg       0.81      0.73      0.76      2863
weighted avg       0.82      0.80      0.80      2863
maxpredicted=0.000000maxpredicted min=-0.937014
Total Instances = 2863; Num instances misclassified = 559; Minimal noise = 0.6; Accuracy = 0.804750261963; classes= 0(295,72),1(388,90),2(152,39),3(69,30),4(220,70),5(57,27),6(648,21),7(249,73),8(262,67),9(523,70);0.825520833333              precision    recall  f1-score   support

         0.0       0.94      0.73      0.82       223
         1.0       0.85      0.77      0.81       298
         2.0       0.70      0.75      0.73       113
         3.0       0.70      0.54      0.61        39
         4.0       0.63      0.73      0.68       150
         5.0       0.70      0.53      0.60        30
         6.0       0.78      0.99      0.87       627
         7.0       0.93      0.70      0.80       176
         8.0       0.93      0.74      0.83       195
         9.0       0.90      0.87      0.88       453

   micro avg       0.83      0.83      0.83      2304
   macro avg       0.81      0.73      0.76      2304
weighted avg       0.84      0.83      0.82      2304
maxpredicted=0.000000maxpredicted min=-0.979730
Total Instances = 2304; Num instances misclassified = 402; Minimal noise = 0.7; Accuracy = 0.825520833333; classes= 0(223,60),1(298,70),2(113,28),3(39,18),4(150,41),5(30,14),6(627,8),7(176,53),8(195,50),9(453,60);0.828075709779              precision    recall  f1-score   support

         0.0       0.93      0.72      0.81       163
         1.0       0.84      0.71      0.77       228
         2.0       0.70      0.78      0.74        85
         3.0       0.67      0.48      0.56        21
         4.0       0.66      0.71      0.68       109
         5.0       0.92      0.69      0.79        16
         6.0       0.80      0.99      0.88       619
         7.0       0.88      0.72      0.79       123
         8.0       0.93      0.72      0.81       145
         9.0       0.90      0.83      0.87       393

   micro avg       0.83      0.83      0.83      1902
   macro avg       0.82      0.73      0.77      1902
weighted avg       0.84      0.83      0.83      1902
maxpredicted=0.000000maxpredicted min=-0.930797
Total Instances = 1902; Num instances misclassified = 327; Minimal noise = 0.8; Accuracy = 0.828075709779; classes= 0(163,46),1(228,65),2(85,19),3(21,11),4(109,32),5(16,5),6(619,9),7(123,34),8(145,41),9(393,65);0.826666666667              precision    recall  f1-score   support

         0.0       0.93      0.71      0.81       117
         1.0       0.81      0.71      0.75       163
         2.0       0.60      0.68      0.64        66
         3.0       0.42      0.50      0.45        10
         4.0       0.65      0.71      0.68        77
         5.0       0.50      0.18      0.27        11
         6.0       0.83      0.98      0.90       610
         7.0       0.88      0.64      0.74        89
         8.0       0.88      0.72      0.79       104
         9.0       0.91      0.81      0.86       328

   micro avg       0.83      0.83      0.83      1575
   macro avg       0.74      0.66      0.69      1575
weighted avg       0.83      0.83      0.82      1575
maxpredicted=0.000000maxpredicted min=-0.921460
Total Instances = 1575; Num instances misclassified = 273; Minimal noise = 0.9; Accuracy = 0.826666666667; classes= 0(117,34),1(163,48),2(66,21),3(10,5),4(77,22),5(11,9),6(610,12),7(89,32),8(104,29),9(328,61);0.850230414747              precision    recall  f1-score   support

         0.0       0.86      0.73      0.79        83
         1.0       0.82      0.61      0.70       115
         2.0       0.67      0.69      0.68        45
         3.0       0.80      0.80      0.80         5
         4.0       0.63      0.71      0.67        55
         5.0       0.00      0.00      0.00         2
         6.0       0.85      0.99      0.92       598
         7.0       0.84      0.65      0.73        57
         8.0       0.98      0.71      0.82        75
         9.0       0.91      0.83      0.87       267

   micro avg       0.85      0.85      0.85      1302
   macro avg       0.74      0.67      0.70      1302
weighted avg       0.85      0.85      0.85      1302
maxpredicted=0.000000maxpredicted min=-0.932762
Total Instances = 1302; Num instances misclassified = 195; Minimal noise = 1.0; Accuracy = 0.850230414747; classes= 0(83,22),1(115,45),2(45,14),3(5,1),4(55,16),5(2,2),6(598,7),7(57,20),8(75,22),9(267,46);