[(10000, 10)]
[(10000, 10)]
0.805               precision    recall  f1-score   support

         0.0       0.80      0.76      0.78      1000
         1.0       0.99      0.93      0.96      1000
         2.0       0.71      0.59      0.64      1000
         3.0       0.84      0.84      0.84      1000
         4.0       0.58      0.88      0.69      1000
         5.0       0.99      0.76      0.86      1000
         6.0       0.61      0.48      0.54      1000
         7.0       0.85      0.91      0.88      1000
         8.0       0.96      0.94      0.95      1000
         9.0       0.83      0.97      0.90      1000

   micro avg       0.81      0.81      0.81     10000
   macro avg       0.82      0.81      0.80     10000
weighted avg       0.82      0.81      0.80     10000

10000 10000
10.0
[(8050, 10)]
[(8050, 10)]
              precision    recall  f1-score   support

         0.0       0.98      0.97      0.98       758
         1.0       1.00      1.00      1.00       928
         2.0       0.98      0.96      0.97       590
         3.0       0.99      0.98      0.98       841
         4.0       0.95      0.99      0.97       875
         5.0       1.00      0.97      0.98       764
         6.0       0.95      0.94      0.94       481
         7.0       0.97      0.99      0.98       907
         8.0       1.00      0.99      1.00       938
         9.0       0.99      0.99      0.99       968

   micro avg       0.98      0.98      0.98      8050
   macro avg       0.98      0.98      0.98      8050
weighted avg       0.98      0.98      0.98      8050

Total Instances = 8050; Num instances misclassified = 149; Minimal noise = 0.1; Accuracy = 0.9814906832298137
Average L2 Norm = 1.8542657403578335; Min L2 Norm = 0.8588235229253769
Robustness Ratio = 185.0932
20.0
[(7901, 10)]
[(7901, 10)]
              precision    recall  f1-score   support

         0.0       0.98      0.97      0.97       739
         1.0       1.00      0.99      1.00       925
         2.0       0.98      0.97      0.97       569
         3.0       0.98      0.97      0.98       826
         4.0       0.95      0.98      0.97       862
         5.0       1.00      0.94      0.97       739
         6.0       0.92      0.94      0.93       451
         7.0       0.97      0.99      0.98       895
         8.0       1.00      1.00      1.00       933
         9.0       0.98      0.99      0.99       962

   micro avg       0.98      0.98      0.98      7901
   macro avg       0.98      0.97      0.98      7901
weighted avg       0.98      0.98      0.98      7901

Total Instances = 7901; Num instances misclassified = 171; Minimal noise = 0.2; Accuracy = 0.9783571699784838
Average L2 Norm = 2.6725355474649; Min L2 Norm = 1.4142135623730951
Robustness Ratio = 397.5155
30.0
[(7730, 10)]
[(7730, 10)]
              precision    recall  f1-score   support

         0.0       0.98      0.97      0.98       715
         1.0       1.00      1.00      1.00       920
         2.0       0.98      0.96      0.97       550
         3.0       0.98      0.98      0.98       803
         4.0       0.94      0.98      0.96       848
         5.0       1.00      0.95      0.97       698
         6.0       0.94      0.93      0.93       424
         7.0       0.97      0.99      0.98       887
         8.0       1.00      0.99      1.00       930
         9.0       0.99      1.00      0.99       955

   micro avg       0.98      0.98      0.98      7730
   macro avg       0.98      0.98      0.98      7730
weighted avg       0.98      0.98      0.98      7730

Total Instances = 7730; Num instances misclassified = 153; Minimal noise = 0.3; Accuracy = 0.9802069857697283
Average L2 Norm = 3.2748290658958443; Min L2 Norm = 2.246062811454593
Robustness Ratio = 587.5776
40.0
[(7577, 10)]
[(7577, 10)]
              precision    recall  f1-score   support

         0.0       0.98      0.97      0.98       696
         1.0       1.00      1.00      1.00       916
         2.0       0.98      0.95      0.96       528
         3.0       0.99      0.98      0.99       785
         4.0       0.94      0.99      0.97       835
         5.0       1.00      0.94      0.97       665
         6.0       0.94      0.91      0.93       394
         7.0       0.97      0.99      0.98       881
         8.0       1.00      1.00      1.00       925
         9.0       0.98      1.00      0.99       952

   micro avg       0.98      0.98      0.98      7577
   macro avg       0.98      0.97      0.98      7577
weighted avg       0.98      0.98      0.98      7577

Total Instances = 7577; Num instances misclassified = 151; Minimal noise = 0.4; Accuracy = 0.9800712683119969
Average L2 Norm = 3.7296213940861462; Min L2 Norm = 2.4084402215524783
Robustness Ratio = 775.1553
50.0
[(7426, 10)]
[(7426, 10)]
              precision    recall  f1-score   support

         0.0       0.98      0.98      0.98       678
         1.0       1.00      1.00      1.00       914
         2.0       0.98      0.94      0.96       502
         3.0       0.99      0.98      0.98       770
         4.0       0.93      0.99      0.96       827
         5.0       1.00      0.94      0.97       628
         6.0       0.93      0.89      0.91       359
         7.0       0.97      0.99      0.98       876
         8.0       0.99      0.99      0.99       923
         9.0       0.98      1.00      0.99       949

   micro avg       0.98      0.98      0.98      7426
   macro avg       0.98      0.97      0.97      7426
weighted avg       0.98      0.98      0.98      7426

Total Instances = 7426; Num instances misclassified = 167; Minimal noise = 0.5; Accuracy = 0.9775114462698626
Average L2 Norm = 4.136011553306036; Min L2 Norm = 2.954297527959428
Robustness Ratio = 982.6087
60.0
[(7259, 10)]
[(7259, 10)]
              precision    recall  f1-score   support

         0.0       0.98      0.98      0.98       666
         1.0       1.00      0.99      0.99       912
         2.0       0.97      0.95      0.96       472
         3.0       0.98      0.97      0.97       753
         4.0       0.93      0.99      0.96       815
         5.0       1.00      0.95      0.97       588
         6.0       0.93      0.91      0.92       320
         7.0       0.97      0.99      0.98       869
         8.0       1.00      0.99      1.00       917
         9.0       0.99      0.99      0.99       947

   micro avg       0.98      0.98      0.98      7259
   macro avg       0.97      0.97      0.97      7259
weighted avg       0.98      0.98      0.98      7259

Total Instances = 7259; Num instances misclassified = 166; Minimal noise = 0.6; Accuracy = 0.9771318363410938
Average L2 Norm = 4.548173643696242; Min L2 Norm = 3.267250400600216
Robustness Ratio = 1188.8199
Total Average L2 Norm = 3.388946296525153; Total Min L2 Norm =  0.8588235229253769
