[(10000, 10)]
[(10000, 10)]
0.805               precision    recall  f1-score   support

         0.0       0.80      0.76      0.78      1000
         1.0       0.99      0.93      0.96      1000
         2.0       0.71      0.59      0.64      1000
         3.0       0.84      0.84      0.84      1000
         4.0       0.58      0.88      0.69      1000
         5.0       0.99      0.76      0.86      1000
         6.0       0.61      0.48      0.54      1000
         7.0       0.85      0.91      0.88      1000
         8.0       0.96      0.94      0.95      1000
         9.0       0.83      0.97      0.90      1000

   micro avg       0.81      0.81      0.81     10000
   macro avg       0.82      0.81      0.80     10000
weighted avg       0.82      0.81      0.80     10000

10000 10000
1.0
[(8050, 10)]
[(8050, 10)]
              precision    recall  f1-score   support

         0.0       0.93      0.93      0.93       758
         1.0       1.00      0.98      0.99       928
         2.0       0.96      0.86      0.91       590
         3.0       0.94      0.93      0.94       841
         4.0       0.82      0.98      0.89       875
         5.0       0.99      0.79      0.88       764
         6.0       0.88      0.75      0.81       481
         7.0       0.88      0.98      0.92       907
         8.0       0.99      0.98      0.99       938
         9.0       0.96      0.99      0.98       968

   micro avg       0.93      0.93      0.93      8050
   macro avg       0.94      0.92      0.92      8050
weighted avg       0.94      0.93      0.93      8050

Total Instances = 8050; Num instances misclassified = 542; Minimal noise = 0.01; Accuracy = 0.9326708074534161
Average L2 Norm = 0.01895997450306957; Min L2 Norm = 0.009394253771212734
Robustness Ratio = 673.2919
2.0
[(7508, 10)]
[(7508, 10)]
              precision    recall  f1-score   support

         0.0       0.99      0.99      0.99       703
         1.0       1.00      1.00      1.00       912
         2.0       0.99      0.96      0.97       509
         3.0       1.00      0.98      0.99       785
         4.0       0.96      0.99      0.97       861
         5.0       1.00      0.99      1.00       606
         6.0       0.96      0.96      0.96       361
         7.0       0.99      1.00      1.00       887
         8.0       1.00      1.00      1.00       922
         9.0       0.99      1.00      1.00       962

   micro avg       0.99      0.99      0.99      7508
   macro avg       0.99      0.99      0.99      7508
weighted avg       0.99      0.99      0.99      7508

Total Instances = 7508; Num instances misclassified = 79; Minimal noise = 0.02; Accuracy = 0.9894778902503996
Average L2 Norm = 1.6488139759522076; Min L2 Norm = 0.701513138904746
Robustness Ratio = 771.4286
3.0
[(7429, 10)]
[(7429, 10)]
              precision    recall  f1-score   support

         0.0       0.99      0.99      0.99       697
         1.0       1.00      0.98      0.99       911
         2.0       0.97      0.84      0.90       488
         3.0       0.98      1.00      0.99       771
         4.0       0.87      0.99      0.93       851
         5.0       1.00      0.95      0.97       601
         6.0       0.96      0.84      0.89       345
         7.0       0.97      1.00      0.98       885
         8.0       1.00      0.99      1.00       921
         9.0       0.99      0.99      0.99       959

   micro avg       0.97      0.97      0.97      7429
   macro avg       0.97      0.96      0.96      7429
weighted avg       0.97      0.97      0.97      7429

Total Instances = 7429; Num instances misclassified = 217; Minimal noise = 0.03; Accuracy = 0.9707901467223045
Average L2 Norm = 2.906231905149997; Min L2 Norm = 1.5070247859213648
Robustness Ratio = 1040.9938
4.0
[(7212, 10)]
[(7212, 10)]
              precision    recall  f1-score   support

         0.0       0.97      0.99      0.98       690
         1.0       1.00      0.93      0.96       892
         2.0       0.98      0.85      0.91       409
         3.0       0.92      0.98      0.95       768
         4.0       0.87      0.99      0.93       844
         5.0       1.00      0.85      0.92       570
         6.0       0.91      0.75      0.82       289
         7.0       0.92      1.00      0.96       884
         8.0       1.00      0.99      1.00       916
         9.0       0.99      0.99      0.99       950

   micro avg       0.95      0.95      0.95      7212
   macro avg       0.96      0.93      0.94      7212
weighted avg       0.96      0.95      0.95      7212

Total Instances = 7212; Num instances misclassified = 328; Minimal noise = 0.04; Accuracy = 0.954520244037715
Average L2 Norm = 3.4187165315716275; Min L2 Norm = 1.6204559072625075
Robustness Ratio = 1448.4472
5.0
[(6884, 10)]
[(6884, 10)]
              precision    recall  f1-score   support

         0.0       0.97      0.99      0.98       683
         1.0       1.00      0.79      0.88       828
         2.0       0.96      0.87      0.91       349
         3.0       0.80      0.98      0.88       751
         4.0       0.92      0.99      0.95       838
         5.0       1.00      0.76      0.86       482
         6.0       0.92      0.80      0.85       217
         7.0       0.89      1.00      0.94       883
         8.0       0.99      0.99      0.99       911
         9.0       0.98      0.99      0.99       942

   micro avg       0.94      0.94      0.94      6884
   macro avg       0.94      0.92      0.93      6884
weighted avg       0.94      0.94      0.94      6884

Total Instances = 6884; Num instances misclassified = 426; Minimal noise = 0.05; Accuracy = 0.9381173736199884
Average L2 Norm = 3.770674049907324; Min L2 Norm = 1.957500551091178
Robustness Ratio = 1977.6398
6.0
[(6458, 10)]
[(6458, 10)]
              precision    recall  f1-score   support

         0.0       0.98      0.98      0.98       678
         1.0       1.00      0.46      0.63       653
         2.0       0.93      0.84      0.89       303
         3.0       0.67      0.97      0.79       739
         4.0       0.93      0.98      0.95       827
         5.0       1.00      0.74      0.85       367
         6.0       0.82      0.88      0.85       173
         7.0       0.92      1.00      0.96       880
         8.0       0.99      1.00      0.99       905
         9.0       0.99      0.99      0.99       933

   micro avg       0.91      0.91      0.91      6458
   macro avg       0.92      0.88      0.89      6458
weighted avg       0.93      0.91      0.90      6458

Total Instances = 6458; Num instances misclassified = 585; Minimal noise = 0.06; Accuracy = 0.9094146794673273
Average L2 Norm = 4.3587260498201195; Min L2 Norm = 1.9556092309612165
Robustness Ratio = 2704.3478
Total Average L2 Norm = 2.7784500874870104; Total Min L2 Norm =  0.009394253771212734
