[(10000, 10)]
[(10000, 10)]
0.805               precision    recall  f1-score   support

         0.0       0.80      0.76      0.78      1000
         1.0       0.99      0.93      0.96      1000
         2.0       0.71      0.59      0.64      1000
         3.0       0.84      0.84      0.84      1000
         4.0       0.58      0.88      0.69      1000
         5.0       0.99      0.76      0.86      1000
         6.0       0.61      0.48      0.54      1000
         7.0       0.85      0.91      0.88      1000
         8.0       0.96      0.94      0.95      1000
         9.0       0.83      0.97      0.90      1000

   micro avg       0.81      0.81      0.81     10000
   macro avg       0.82      0.81      0.80     10000
weighted avg       0.82      0.81      0.80     10000

10000 10000
1.0
[(8050, 10)]
[(8050, 10)]
              precision    recall  f1-score   support

         0.0       0.93      0.92      0.92       758
         1.0       1.00      0.98      0.99       928
         2.0       0.92      0.87      0.89       590
         3.0       0.92      0.92      0.92       841
         4.0       0.81      0.98      0.89       875
         5.0       0.99      0.75      0.85       764
         6.0       0.86      0.73      0.79       481
         7.0       0.86      0.97      0.91       907
         8.0       0.98      0.97      0.98       938
         9.0       0.95      0.99      0.97       968

   micro avg       0.92      0.92      0.92      8050
   macro avg       0.92      0.91      0.91      8050
weighted avg       0.93      0.92      0.92      8050

Total Instances = 8050; Num instances misclassified = 626; Minimal noise = 0.01; Accuracy = 0.9222360248447204
Average L2 Norm = 2.310339962863351; Min L2 Norm = 1.8993143725464658
Robustness Ratio = 777.6398
2.0
[(7424, 10)]
[(7424, 10)]
              precision    recall  f1-score   support

         0.0       0.96      0.96      0.96       697
         1.0       1.00      0.97      0.98       907
         2.0       0.95      0.93      0.94       512
         3.0       0.95      0.94      0.94       777
         4.0       0.86      0.98      0.92       856
         5.0       1.00      0.80      0.89       570
         6.0       0.89      0.75      0.81       352
         7.0       0.92      0.98      0.95       880
         8.0       0.98      0.99      0.99       912
         9.0       0.97      0.99      0.98       961

   micro avg       0.95      0.95      0.95      7424
   macro avg       0.95      0.93      0.94      7424
weighted avg       0.95      0.95      0.95      7424

Total Instances = 7424; Num instances misclassified = 389; Minimal noise = 0.02; Accuracy = 0.9476023706896551
Average L2 Norm = 3.226652662009819; Min L2 Norm = 2.738897124924274
Robustness Ratio = 1260.8696
3.0
[(7035, 10)]
[(7035, 10)]
              precision    recall  f1-score   support

         0.0       0.97      0.96      0.96       670
         1.0       1.00      0.95      0.97       877
         2.0       0.95      0.89      0.92       475
         3.0       0.92      0.94      0.93       729
         4.0       0.87      0.99      0.92       839
         5.0       1.00      0.82      0.90       456
         6.0       0.86      0.72      0.78       264
         7.0       0.95      0.98      0.97       864
         8.0       0.98      0.99      0.99       906
         9.0       0.97      0.99      0.98       955

   micro avg       0.95      0.95      0.95      7035
   macro avg       0.95      0.92      0.93      7035
weighted avg       0.95      0.95      0.95      7035

Total Instances = 7035; Num instances misclassified = 358; Minimal noise = 0.03; Accuracy = 0.9491115849324805
Average L2 Norm = 3.9016772361040073; Min L2 Norm = 3.3820554812621615
Robustness Ratio = 1705.5901
4.0
[(6677, 10)]
[(6677, 10)]
              precision    recall  f1-score   support

         0.0       0.98      0.97      0.97       646
         1.0       1.00      0.94      0.97       830
         2.0       0.96      0.92      0.94       425
         3.0       0.93      0.95      0.94       685
         4.0       0.90      0.99      0.94       827
         5.0       0.99      0.81      0.89       374
         6.0       0.86      0.81      0.83       190
         7.0       0.96      0.97      0.96       849
         8.0       0.96      1.00      0.98       901
         9.0       0.97      0.99      0.98       950

   micro avg       0.95      0.95      0.95      6677
   macro avg       0.95      0.93      0.94      6677
weighted avg       0.96      0.95      0.95      6677

Total Instances = 6677; Num instances misclassified = 304; Minimal noise = 0.04; Accuracy = 0.9544705706155459
Average L2 Norm = 4.453745331983059; Min L2 Norm = 3.8256241899071775
Robustness Ratio = 2083.2298
5.0
[(6373, 10)]
[(6373, 10)]
              precision    recall  f1-score   support

         0.0       0.98      0.97      0.98       625
         1.0       1.00      0.93      0.96       777
         2.0       0.93      0.96      0.94       393
         3.0       0.91      0.95      0.93       648
         4.0       0.91      0.98      0.94       817
         5.0       1.00      0.84      0.91       304
         6.0       0.89      0.73      0.80       153
         7.0       0.98      0.97      0.97       822
         8.0       0.96      0.99      0.97       898
         9.0       0.99      0.99      0.99       936

   micro avg       0.96      0.96      0.96      6373
   macro avg       0.95      0.93      0.94      6373
weighted avg       0.96      0.96      0.96      6373

Total Instances = 6373; Num instances misclassified = 266; Minimal noise = 0.05; Accuracy = 0.9582614153459909
Average L2 Norm = 4.9381767983129325; Min L2 Norm = 4.25418805043398
Robustness Ratio = 2413.6646
6.0
[(6107, 10)]
[(6107, 10)]
              precision    recall  f1-score   support

         0.0       0.99      0.97      0.98       608
         1.0       1.00      0.91      0.95       722
         2.0       0.91      0.92      0.91       376
         3.0       0.90      0.97      0.93       613
         4.0       0.91      0.97      0.94       804
         5.0       0.98      0.83      0.90       254
         6.0       0.85      0.73      0.79       112
         7.0       0.98      0.97      0.97       796
         8.0       0.96      0.99      0.98       893
         9.0       0.99      0.99      0.99       929

   micro avg       0.96      0.96      0.96      6107
   macro avg       0.95      0.93      0.94      6107
weighted avg       0.96      0.96      0.96      6107

Total Instances = 6107; Num instances misclassified = 265; Minimal noise = 0.06; Accuracy = 0.9566071720975929
Average L2 Norm = 5.377540960931859; Min L2 Norm = 4.637718264701049
Robustness Ratio = 2742.8571
Total Average L2 Norm = 3.7095938028625657; Total Min L2 Norm =  1.8993143725464658
